[gd_scene load_steps=5 format=3 uid="uid://db5ysjuhpv456"]

[ext_resource type="PackedScene" uid="uid://cyuqysv1hojuw" path="res://scenes/prefabs/candle_03.tscn" id="1_kt313"]
[ext_resource type="PackedScene" uid="uid://cmxmcqpwn062j" path="res://models/Candelabra.glb" id="1_uo1ix"]
[ext_resource type="PackedScene" uid="uid://du4lyekygvy8q" path="res://scenes/prefabs/candle_01.tscn" id="2_ijwsa"]
[ext_resource type="PackedScene" uid="uid://bcfr0cbpfsy05" path="res://scenes/prefabs/candle_02.tscn" id="3_rd3if"]

[node name="Candelabro" type="Node3D"]

[node name="Candelabra" parent="." instance=ExtResource("1_uo1ix")]
transform = Transform3D(1.3, 0, 0, 0, 1.3, 0, 0, 0, 1.3, 0, 0, 0)

[node name="candle01" parent="." instance=ExtResource("2_ijwsa")]
transform = Transform3D(0.910077, 0, -0.414439, 0, 1, 0, 0.414439, 0, 0.910077, -0.450038, 0.216694, 0)

[node name="candle06" parent="." instance=ExtResource("2_ijwsa")]
transform = Transform3D(0.910077, 0, -0.414439, 0, 1, 0, 0.414439, 0, 0.910077, 0.253326, 0.208841, -0.348238)

[node name="candle02" parent="." instance=ExtResource("3_rd3if")]

[node name="candle04" parent="." instance=ExtResource("3_rd3if")]
transform = Transform3D(0.534957, 0, 0.844879, 0, 1, 0, -0.844879, 0, 0.534957, 0.264079, 0.254316, 0.332686)

[node name="candle05" parent="." instance=ExtResource("3_rd3if")]
transform = Transform3D(0.982516, 0, -0.186181, 0, 1, 0, 0.186181, 0, 0.982516, -0.269793, 0.249376, 0.330921)

[node name="candle07" parent="." instance=ExtResource("3_rd3if")]
transform = Transform3D(0.537403, 0, 0.843326, 0, 1, 0, -0.843326, 0, 0.537403, -0.244912, 0.248793, -0.350659)

[node name="candle03" parent="." instance=ExtResource("1_kt313")]
transform = Transform3D(0.978595, 0, 0.205794, 0, 1, 0, -0.205794, 0, 0.978595, 0.436464, 0.213421, 0.0064058)
