[gd_scene format=3 uid="uid://dtbr6wi5uu3oe"]

[node name="ChapelLights" type="Node3D"]

[node name="SpotLight3D" type="SpotLight3D" parent="."]
transform = Transform3D(-0.930772, -0.363847, -0.0357606, -0.278973, 0.643605, 0.712703, -0.236299, 0.67334, -0.700554, -7.87355, 11.6498, -12.3267)
light_color = Color(0.985011, 0.451223, 0, 1)
light_energy = 16.0
light_indirect_energy = 4.556
light_volumetric_fog_energy = 0.732
light_size = 0.013
light_specular = 6.356
light_bake_mode = 1
shadow_bias = 0.815
spot_range = 14.7639
spot_angle = 27.0311

[node name="SpotLight3D6" type="SpotLight3D" parent="."]
transform = Transform3D(-0.930772, -0.363847, -0.0357614, -0.239066, 0.53171, 0.812485, -0.276605, 0.764788, -0.581884, -8.11217, 12.3147, -11.7092)
light_color = Color(0.985011, 0.451223, 0, 1)
light_energy = 16.0
light_indirect_energy = 4.556
light_volumetric_fog_energy = 0.732
light_size = 0.013
light_negative = true
light_specular = 6.356
light_bake_mode = 1
shadow_enabled = true
shadow_bias = 0.815
spot_range = 14.7639
spot_angle = 27.0311

[node name="SpotLight3D4" type="SpotLight3D" parent="."]
transform = Transform3D(-0.930772, -0.363847, -0.0357606, -0.27668, 0.637077, 0.719431, -0.238981, 0.679521, -0.693642, -8.06813, 12.0822, -12.0962)
light_color = Color(0.619608, 0.580392, 0.941176, 1)
light_energy = 16.0
light_indirect_energy = 3.138
light_volumetric_fog_energy = 0.627
light_size = 0.013
light_specular = 3.532
light_bake_mode = 1
shadow_enabled = true
shadow_bias = 0.815
spot_range = 14.7639
spot_angle = 27.0311

[node name="SpotLight3D5" type="SpotLight3D" parent="."]
transform = Transform3D(-0.939233, -0.343176, -0.00843377, -0.24335, 0.648292, 0.721456, -0.242119, 0.679668, -0.692409, -8.36076, 11.4133, -12.3631)
light_color = Color(0.338746, 0.742607, 0.643099, 1)
light_energy = 9.516
light_indirect_energy = 1.942
light_volumetric_fog_energy = 0.418
light_size = 0.013
light_specular = 6.356
light_bake_mode = 1
shadow_enabled = true
shadow_bias = 0.815
spot_range = 14.7639
spot_angle = 27.0311

[node name="SpotLight3D2" type="SpotLight3D" parent="."]
transform = Transform3D(-0.930772, -0.363847, -0.0357606, -0.260166, 0.590453, 0.763989, -0.25686, 0.720403, -0.644238, -7.90126, 7.82923, -8.1349)
light_color = Color(0.808102, 0.303852, 0.231448, 1)
light_energy = 22.91
light_indirect_energy = 3.092
light_volumetric_fog_energy = 0.0
light_size = 0.013
light_specular = 0.0
light_bake_mode = 1
shadow_enabled = true
shadow_bias = 0.815
spot_range = 11.8653

[node name="SpotLight3D3" type="SpotLight3D" parent="."]
transform = Transform3D(-0.171296, -0.187552, 0.967203, 0.00758439, -0.981935, -0.189066, 0.98519, -0.0250505, 0.169624, -6.69589, 1.40942, -10.5216)
light_color = Color(0.847059, 0.368627, 0.192157, 1)
light_energy = 52.4
light_indirect_energy = 3.092
light_volumetric_fog_energy = 0.0
light_size = 0.013
light_specular = 0.0
light_bake_mode = 1
shadow_enabled = true
shadow_bias = 0.815
spot_range = 11.8653
spot_angle = 43.9212
