[gd_scene load_steps=7 format=3 uid="uid://dvs7a03xf3jah"]

[ext_resource type="PackedScene" path="res://scenes/prefabs/workdesk.tscn" id="1_khf1c"]
[ext_resource type="PackedScene" uid="uid://du4lyekygvy8q" path="res://scenes/prefabs/candle_01.tscn" id="2_mnara"]
[ext_resource type="PackedScene" uid="uid://bcfr0cbpfsy05" path="res://scenes/prefabs/candle_02.tscn" id="3_ekfik"]
[ext_resource type="PackedScene" uid="uid://kd5t6pntlln1" path="res://scenes/prefabs/evilpaper.tscn" id="4_aralt"]
[ext_resource type="PackedScene" uid="uid://cwm0ynhwfch7v" path="res://scenes/basic_book.tscn" id="5_c3odo"]
[ext_resource type="PackedScene" uid="uid://d0fj8u3meqg3v" path="res://scenes/prefabs/chair_model.tscn" id="6_hcugm"]

[node name="Workdesks" type="Node3D"]

[node name="workdesk6" parent="." instance=ExtResource("1_khf1c")]
transform = Transform3D(0.986906, 0, -0.161294, 0, 1, 0, 0.161294, 0, 0.986906, -3.14153, 11, 2.3187)

[node name="workdesk2" parent="." instance=ExtResource("1_khf1c")]
transform = Transform3D(0.960045, 0, -0.279846, 0, 1, 0, 0.279846, 0, 0.960045, -4.79829, 11, 2.35739)

[node name="workdesk7" parent="." instance=ExtResource("1_khf1c")]
transform = Transform3D(0.974429, 0, 0.224696, 0, 1, 0, -0.224696, 0, 0.974429, -6.26307, 11, 2.04063)

[node name="workdesk" parent="." instance=ExtResource("1_khf1c")]
transform = Transform3D(0.998496, 0, -0.0548282, 0, 1, 0, 0.0548282, 0, 0.998496, -6.39846, 11, 4.95891)

[node name="workdesk3" parent="." instance=ExtResource("1_khf1c")]
transform = Transform3D(0.999056, 0, 0.043445, 0, 1, 0, -0.043445, 0, 0.999056, -2.87498, 11, 4.93394)

[node name="workdesk4" parent="." instance=ExtResource("1_khf1c")]
transform = Transform3D(0.986638, 0, 0.16293, 0, 1, 0, -0.16293, 0, 0.986638, -4.57616, 11, 4.8204)

[node name="candle01" parent="." instance=ExtResource("2_mnara")]
transform = Transform3D(1, 0, 0, 0, 1, 0, 0, 0, 1, -6.97158, 11.8438, 1.90906)
is_on = true

[node name="candle03" parent="." instance=ExtResource("2_mnara")]
transform = Transform3D(1, 0, 0, 0, 1, 0, 0, 0, 1, -4.79412, 11.8438, 1.85853)

[node name="candle04" parent="." instance=ExtResource("2_mnara")]
transform = Transform3D(0.806021, 0, -0.591887, 0, 1, 0, 0.591887, 0, 0.806021, -4.24947, 11.8438, 2.40366)

[node name="candle05" parent="." instance=ExtResource("2_mnara")]
transform = Transform3D(0.806021, 0, -0.591887, 0, 1, 0, 0.591887, 0, 0.806021, -4.11186, 11.8438, 4.44735)
is_on = true

[node name="candle02" parent="." instance=ExtResource("3_ekfik")]
transform = Transform3D(-0.761787, 0, 0.647828, 0, 1, 0, -0.647828, 0, -0.761787, -5.71909, 11.7953, 2.18198)
is_on = true

[node name="candle06" parent="." instance=ExtResource("3_ekfik")]
transform = Transform3D(1, 0, 0, 0, 1, 0, 0, 0, 1, -4.06918, 11.8438, 4.5633)

[node name="candle07" parent="." instance=ExtResource("3_ekfik")]
transform = Transform3D(1, 0, 0, 0, 1, 0, 0, 0, 1, -4.88466, 11.8438, 4.54369)

[node name="evilpaper" parent="." instance=ExtResource("4_aralt")]
transform = Transform3D(1, 0, 0, 0, 0.90236, -0.430984, 0, 0.430984, 0.90236, -4.77357, 11.9551, 2.39819)

[node name="evilpaper9" parent="." instance=ExtResource("4_aralt")]
transform = Transform3D(-0.862791, 0.109394, -0.493583, -0.120158, 0.903961, 0.410386, 0.491074, 0.413385, -0.766785, -5.06242, 11.8477, 2.05468)

[node name="evilpaper2" parent="." instance=ExtResource("4_aralt")]
transform = Transform3D(0.411514, 0.112225, -0.904468, 0, 0.99239, 0.123134, 0.911403, -0.0506714, 0.408383, -5.8974, 11.8085, 2.29549)

[node name="evilpaper10" parent="." instance=ExtResource("4_aralt")]
transform = Transform3D(1, 0, 0, 0, 0.99239, 0.123134, 0, -0.123134, 0.99239, -6.17171, 11.8085, 2.2301)

[node name="evilpaper11" parent="." instance=ExtResource("4_aralt")]
transform = Transform3D(1, 0, 0, 0, 0.99239, 0.123134, 0, -0.123134, 0.99239, -6.49953, 11.0213, 2.82215)

[node name="evilpaper12" parent="." instance=ExtResource("4_aralt")]
transform = Transform3D(0.402731, 0.112707, -0.908353, 0, 0.99239, 0.123134, 0.915318, -0.0495898, 0.399666, -7.19823, 11.0213, 3.52255)

[node name="evilpaper13" parent="." instance=ExtResource("4_aralt")]
transform = Transform3D(-0.714888, 0.0861, -0.693918, -3.00058e-09, 0.99239, 0.123134, 0.699239, 0.0880269, -0.709448, -8.01194, 11.0213, 3.52255)

[node name="evilpaper14" parent="." instance=ExtResource("4_aralt")]
transform = Transform3D(-0.963003, -0.0331835, 0.267441, -2.88399e-09, 0.99239, 0.123134, -0.269491, 0.118578, -0.955674, -8.60093, 11.0213, 2.8517)

[node name="evilpaper16" parent="." instance=ExtResource("4_aralt")]
transform = Transform3D(-0.963003, -0.0331835, 0.267441, 0.0912471, 0.893624, 0.439443, -0.253574, 0.447588, -0.857535, -8.47341, 11.0568, 3.00894)

[node name="evilpaper15" parent="." instance=ExtResource("4_aralt")]
transform = Transform3D(-0.846295, -0.0655951, 0.52866, -2.88399e-09, 0.99239, 0.123134, -0.532714, 0.104208, -0.839855, -8.60093, 11.0213, 2.06941)

[node name="evilpaper3" parent="." instance=ExtResource("4_aralt")]
transform = Transform3D(1, 0, 0, 0, 1, 0, 0, 0, 1, -4.55619, 11.8438, 2.83039)

[node name="evilpaper4" parent="." instance=ExtResource("4_aralt")]
transform = Transform3D(1, 0, 0, 0, 0.963242, -0.268634, 0, 0.268634, 0.963242, -5.84441, 11.0858, 2.18713)

[node name="evilpaper5" parent="." instance=ExtResource("4_aralt")]
transform = Transform3D(0.848824, 0, 0.528675, 0, 1, 0, -0.528675, 0, 0.848824, -5.60602, 11, 2.24502)

[node name="evilpaper6" parent="." instance=ExtResource("4_aralt")]
transform = Transform3D(1, 0, 0, 0, 1, 0, 0, 0, 1, -6.04983, 11, 2.39637)

[node name="evilpaper7" parent="." instance=ExtResource("4_aralt")]
transform = Transform3D(-0.468901, 0, -0.883251, 0, 1, 0, 0.883251, 0, -0.468901, -5.22547, 11, 2.68108)

[node name="evilpaper8" parent="." instance=ExtResource("4_aralt")]
transform = Transform3D(1, 0, 0, 0, 0.886704, -0.462337, 0, 0.462337, 0.886704, -6.19929, 11.9689, 1.92049)

[node name="BasicBook" parent="." instance=ExtResource("5_c3odo")]
transform = Transform3D(-0.143631, -0.988108, 0.0548978, 0, 0.0554729, 0.99846, -0.989631, 0.14341, -0.00796762, -4.41533, 11.8991, 5.16402)

[node name="chair_model3" parent="." instance=ExtResource("6_hcugm")]
transform = Transform3D(-0.0908275, 0, 0.0522366, 0, 0.104777, 0, -0.0522366, 0, -0.0908275, -7.45453, 11.5473, 5.75477)

[node name="chair_model4" parent="." instance=ExtResource("6_hcugm")]
transform = Transform3D(-0.102016, 0, -0.0238975, 0, 0.104777, 0, 0.0238975, 0, -0.102016, -5.27478, 11.5473, 5.75477)

[node name="chair_model5" parent="." instance=ExtResource("6_hcugm")]
transform = Transform3D(-0.0985321, 0, 0.0356331, 0, 0.104777, 0, -0.0356331, 0, -0.0985321, -3.68808, 11.5473, 5.75477)

[node name="chair_model6" parent="." instance=ExtResource("6_hcugm")]
transform = Transform3D(-0.0985321, 0, 0.0356331, 0, 0.104777, 0, -0.0356331, 0, -0.0985321, -3.68808, 11.5473, 3.77026)

[node name="chair_model7" parent="." instance=ExtResource("6_hcugm")]
transform = Transform3D(-0.104583, 0, 0.00638193, 0, 0.104777, 0, -0.00638193, 0, -0.104583, -5.52681, 11.5473, 3.77026)

[node name="chair_model8" parent="." instance=ExtResource("6_hcugm")]
transform = Transform3D(-0.0736589, -0.0745072, 0.00113928, 0.000215253, 0.00138919, 0.104768, -0.0745159, 0.0736544, -0.000823544, -7.17265, 11.0587, 2.6409)
